expect_output,HBpoint,dev,fraction,zdiff,filename,depth,temp,top_gradvar,top_bad,fracBothBelow,place
0,0,0.0,0.997229916897507,-0.0175,188.nc,754.5,5.72100019455,0.5,1,0.054878048780487805,0.7647476370064835
0,0,0.0,0.9944598337950139,-0.011299987793,188.nc,760.700012207,5.72100019455,0.5,0.5,0.06097560975609756,0.7710318579272767
0,0,0.0,0.9916897506925207,-0.010700012207,188.nc,761.299987793,5.72100019455,0.5,0.5,0.06707317073170732,0.7716399823959411
1,1,1.04,0.9889196675900277,-0.00209997558594,188.nc,769.900024414,3.56100010872,1,0.5,0.06707317073170732,0.7803568249196663
0,0,-0.01,0.9861495844875346,-0.0015,188.nc,770.5,5.84200000763,1,0.5,0.07317073170731707,0.7809649493883307
0,0,-0.02,0.9833795013850416,-0.000900024414063,188.nc,771.099975586,5.8220000267,1,0.5,0.07926829268292683,0.7815730738569951
0,0,0.0,0.9806094182825484,-0.000200012207031,188.nc,771.799987793,5.78200006485,1,0.5,0.08536585365853659,0.7822825936465284
0,0,-0.01,0.9778393351800554,0.000400024414063,188.nc,772.400024414,5.78200006485,1,0.5,0.09146341463414634,0.78289077997933
0,0,-0.005,0.9750692520775623,0.001,188.nc,773.0,5.77099990845,1,0.5,0.09146341463414634,0.7834989044479943
0,0,0.0,0.9722991689750693,0.00159997558594,188.nc,773.599975586,5.7610001564,0.5,0.5,0.0975609756097561,0.7841070289166587
0,0,-0.005,0.9695290858725761,0.00220001220703,188.nc,774.200012207,5.7610001564,0.5,0.5,0.10365853658536585,0.7847152152494603
0,0,0.005,0.9667590027700831,0.00279998779297,188.nc,774.799987793,5.75099992752,0.5,0,0.10365853658536585,0.7853233397181247
0,0,-0.005,0.96398891966759,0.00340002441406,188.nc,775.400024414,5.7610001564,0.5,0,0.10975609756097561,0.7859315260509263
0,0,0.005,0.961218836565097,0.00409997558594,188.nc,776.099975586,5.75099992752,0.5,0,0.11585365853658537,0.7866409839763223
0,0,-0.005,0.9584487534626038,0.00470001220703,188.nc,776.700012207,5.7610001564,0.5,0,0.11585365853658537,0.787249170309124
0,0,0.0,0.9556786703601108,0.00529998779297,188.nc,777.299987793,5.75099992752,0.5,0,0.11585365853658537,0.7878572947777883
0,0,0.0,0.9529085872576177,0.00590002441406,188.nc,777.900024414,5.75099992752,0.5,0,0.10975609756097561,0.7884654811105899
0,0,0.0,0.9501385041551247,0.0065,188.nc,778.5,5.75099992752,0.5,0,0.10365853658536585,0.7890736055792543
0,0,-0.005,0.9473684210526315,0.00709997558594,188.nc,779.099975586,5.75099992752,0.5,0,0.0975609756097561,0.7896817300479188
0,0,0.005,0.9445983379501385,0.00770001220703,188.nc,779.700012207,5.74100017548,0.5,0,0.10365853658536585,0.7902899163807203
0,0,-0.005,0.9418282548476454,0.00840002441406,188.nc,780.400024414,5.75099992752,0.5,0,0.10365853658536585,0.7909994361702536
0,0,0.005,0.9390581717451524,0.009,188.nc,781.0,5.74100017548,0.5,0,0.10975609756097561,0.7916075606389179
0,0,-0.005,0.9362880886426593,0.00959997558594,188.nc,781.599975586,5.75099992752,0.5,0,0.10975609756097561,0.7922156851075823
0,0,0.005,0.9335180055401662,0.010200012207,188.nc,782.200012207,5.74100017548,0.5,0,0.11585365853658537,0.7928238714403839
0,0,0.0,0.9307479224376731,0.010799987793,188.nc,782.799987793,5.75099992752,0.5,0,0.10975609756097561,0.7934319959090483
0,0,0.0,0.9279778393351801,0.0114000244141,188.nc,783.400024414,5.75099992752,0.5,0,0.10365853658536585,0.7940401822418499
0,0,-0.005,0.925207756232687,0.012,188.nc,784.0,5.75099992752,0.5,0,0.10365853658536585,0.7946483067105143
0,0,0.005,0.9224376731301939,0.012700012207,188.nc,784.700012207,5.74100017548,0.5,0,0.10975609756097561,0.7953578265000476
0,0,-0.005,0.9196675900277008,0.013299987793,188.nc,785.299987793,5.75099992752,0.5,0,0.11585365853658537,0.7959659509687119
0,0,-0.005,0.9168975069252078,0.0139000244141,188.nc,785.900024414,5.74100017548,0.5,0,0.12195121951219512,0.7965741373015136
0,0,0.01,0.9141274238227147,0.0145,188.nc,786.5,5.73099994659,0.5,0,0.12195121951219512,0.7971822617701779
0,0,-0.005,0.9113573407202216,0.0150999755859,188.nc,787.099975586,5.75099992752,0.5,0,0.11585365853658537,0.7977903862388424
0,0,0.005,0.9085872576177285,0.015700012207,188.nc,787.700012207,5.74100017548,0.5,0,0.11585365853658537,0.7983985725716439
0,0,-0.005,0.9058171745152355,0.016299987793,188.nc,788.299987793,5.75099992752,0.5,0,0.11585365853658537,0.7990066970403084
0,0,0.0,0.9030470914127424,0.017,188.nc,789.0,5.74100017548,0.5,0,0.10975609756097561,0.7997162168298416
0,0,0.0,0.9002770083102493,0.0175999755859,188.nc,789.599975586,5.74100017548,0.5,0,0.10365853658536585,0.8003243412985059
0,0,0.0,0.8975069252077562,0.018200012207,188.nc,790.200012207,5.74100017548,0.5,0,0.0975609756097561,0.8009325276313075
0,0,0.005,0.8947368421052632,0.018799987793,188.nc,790.799987793,5.74100017548,0,0,0.08536585365853659,0.8015406520999719
0,0,-0.005,0.8919667590027701,0.0194000244141,188.nc,791.400024414,5.75099992752,0,0,0.08536585365853659,0.8021488384327735
0,0,0.0,0.889196675900277,0.02,188.nc,792.0,5.74100017548,0,0,0.07926829268292683,0.8027569629014379
0,0,0.0,0.8864265927977839,0.0205999755859,188.nc,792.599975586,5.74100017548,0,0,0.06707317073170732,0.8033650873701024
0,0,0.005,0.8836565096952909,0.021200012207,188.nc,793.200012207,5.74100017548,0,0,0.054878048780487805,0.803973273702904
0,0,0.0,0.8808864265927978,0.0219000244141,188.nc,793.900024414,5.75099992752,0,0,0.042682926829268296,0.8046827934924372
0,0,-0.005,0.8781163434903048,0.0225,188.nc,794.5,5.75099992752,0,0,0.036585365853658534,0.8052909179611015
0,0,0.0,0.8753462603878116,0.0230999755859,188.nc,795.099975586,5.74100017548,0,0,0.03048780487804878,0.805899042429766
0,0,0.005,0.8725761772853186,0.023700012207,188.nc,795.700012207,5.74100017548,0,0,0.024390243902439025,0.8065072287625675
0,0,-0.005,0.8698060941828255,0.024299987793,188.nc,796.299987793,5.75099992752,0,0,0.024390243902439025,0.807115353231232
0,0,0.0,0.8670360110803325,0.0249000244141,188.nc,796.900024414,5.74100017548,0,0,0.018292682926829267,0.8077235395640335
0,0,0.005,0.8642659279778393,0.0255,188.nc,797.5,5.74100017548,0,0,0.012195121951219513,0.808331664032698
0,0,-0.005,0.8614958448753463,0.026200012207,188.nc,798.200012207,5.75099992752,0,0,0.012195121951219513,0.8090411838222312
0,0,0.0,0.8587257617728532,0.026799987793,188.nc,798.799987793,5.74100017548,0,0,0.012195121951219513,0.8096493082908955
0,0,0.005,0.8559556786703602,0.0274000244141,188.nc,799.400024414,5.74100017548,0,0,0.0,0.8102574946236971
0,0,0.0,0.853185595567867,0.028,188.nc,800.0,5.75099992752,0,0,-0.006097560975609756,0.8108656190923615
0,0,-0.005,0.850415512465374,0.0285999755859,188.nc,800.599975586,5.75099992752,0,0,-0.012195121951219513,0.811473743561026
0,0,0.005,0.8476454293628809,0.029200012207,188.nc,801.200012207,5.74100017548,0,0,-0.018292682926829267,0.8120819298938275
0,0,-0.005,0.8448753462603878,0.029799987793,188.nc,801.799987793,5.75099992752,0,0,-0.024390243902439025,0.812690054362492
0,0,0.005,0.8421052631578947,0.0304000244141,188.nc,802.400024414,5.74100017548,0,0,-0.024390243902439025,0.8132982406952936
0,0,-0.005,0.8393351800554016,0.0310999755859,188.nc,803.099975586,5.75099992752,0,0,-0.03048780487804878,0.8140076986206896
0,0,0.005,0.8365650969529086,0.031700012207,188.nc,803.700012207,5.74100017548,0,0,-0.036585365853658534,0.8146158849534911
0,0,-0.005,0.8337950138504155,0.032299987793,188.nc,804.299987793,5.75099992752,0,0,-0.036585365853658534,0.8152240094221556
0,0,0.0,0.8310249307479224,0.0329000244141,188.nc,804.900024414,5.74100017548,0,0,-0.036585365853658534,0.8158321957549571
0,0,0.01,0.8282548476454293,0.0335,188.nc,805.5,5.74100017548,0,0,-0.04878048780487805,0.8164403202236216
0,0,0.0,0.8254847645429363,0.0340999755859,188.nc,806.099975586,5.7610001564,0,0,-0.06097560975609756,0.8170484446922859
0,0,0.0,0.8227146814404432,0.034700012207,188.nc,806.700012207,5.7610001564,0,0,-0.06707317073170732,0.8176566310250876
0,0,0.0,0.8199445983379502,0.035299987793,188.nc,807.299987793,5.7610001564,0,0,-0.07317073170731707,0.8182647554937519
0,0,0.0,0.817174515235457,0.036,188.nc,808.0,5.7610001564,0,0,-0.08536585365853659,0.8189742752832851
0,0,-0.01,0.814404432132964,0.0365999755859,188.nc,808.599975586,5.7610001564,0,0,-0.08536585365853659,0.8195823997519496
0,0,0.0,0.8116343490304709,0.037200012207,188.nc,809.200012207,5.74100017548,0,0,-0.09146341463414634,0.8201905860847511
0,0,0.005,0.8088642659279779,0.037799987793,188.nc,809.799987793,5.74100017548,0,0,-0.10365853658536585,0.8207987105534156
0,0,-0.005,0.8060941828254847,0.0384000244141,188.nc,810.400024414,5.75099992752,0,0,-0.10365853658536585,0.8214068968862172
0,0,0.0,0.8033240997229917,0.039,188.nc,811.0,5.74100017548,0,0,-0.10975609756097561,0.8220150213548815
0,0,0.005,0.8005540166204986,0.0395999755859,188.nc,811.599975586,5.74100017548,0,0,-0.11585365853658537,0.8226231458235459
0,0,-0.005,0.7977839335180056,0.040200012207,188.nc,812.200012207,5.75099992752,0,0,-0.12195121951219512,0.8232313321563475
0,0,0.005,0.7950138504155124,0.0409000244141,188.nc,812.900024414,5.74100017548,0,0,-0.12804878048780488,0.8239408519458807
0,0,0.005,0.7922437673130194,0.0415,188.nc,813.5,5.75099992752,0,0,-0.13414634146341464,0.8245489764145452
0,0,-0.005,0.7894736842105263,0.0420999755859,188.nc,814.099975586,5.7610001564,0,0,-0.13414634146341464,0.8251571008832096
0,0,0.0,0.7867036011080333,0.042700012207,188.nc,814.700012207,5.75099992752,0,0,-0.13414634146341464,0.8257652872160112
0,0,0.005,0.7839335180055401,0.043299987793,188.nc,815.299987793,5.75099992752,0,0,-0.13414634146341464,0.8263734116846755
0,0,-0.005,0.7811634349030471,0.0439000244141,188.nc,815.900024414,5.7610001564,0,0,-0.12804878048780488,0.8269815980174771
0,0,0.005,0.778393351800554,0.0445,188.nc,816.5,5.75099992752,0,0,-0.12195121951219512,0.8275897224861415
0,0,0.0,0.775623268698061,0.0450999755859,188.nc,817.099975586,5.7610001564,0,0,-0.12195121951219512,0.8281978469548059
0,0,0.0,0.7728531855955678,0.045700012207,188.nc,817.700012207,5.7610001564,0,0,-0.13414634146341464,0.8288060332876075
0,0,-0.01,0.7700831024930748,0.0464000244141,188.nc,818.400024414,5.7610001564,0,0,-0.13414634146341464,0.8295155530771408
0,0,0.0,0.7673130193905817,0.047,188.nc,819.0,5.74100017548,0,0,-0.13414634146341464,0.8301236775458052
0,0,0.01,0.7645429362880887,0.0475999755859,188.nc,819.599975586,5.74100017548,0,0,-0.1402439024390244,0.8307318020144695
0,0,0.0,0.7617728531855956,0.048200012207,188.nc,820.200012207,5.7610001564,0,0,-0.1524390243902439,0.8313399883472711
0,0,-0.01,0.7590027700831025,0.048799987793,188.nc,820.799987793,5.7610001564,0,0,-0.1524390243902439,0.8319481128159355
0,0,0.005,0.7562326869806094,0.0494000244141,188.nc,821.400024414,5.74100017548,0,0,-0.15853658536585366,0.8325562991487371
0,0,0.005,0.7534626038781164,0.05,188.nc,822.0,5.75099992752,0,0,-0.15853658536585366,0.8331644236174015
0,0,-0.005,0.7506925207756233,0.0505999755859,188.nc,822.599975586,5.7610001564,0,0,-0.1524390243902439,0.8337725480860659
0,0,-0.005,0.7479224376731302,0.051299987793,188.nc,823.299987793,5.75099992752,0,0,-0.1524390243902439,0.8344820678755991
0,0,0.01,0.7451523545706371,0.0519000244141,188.nc,823.900024414,5.74100017548,0,0,-0.1524390243902439,0.8350902542084008
0,0,-0.005,0.7423822714681441,0.0525,188.nc,824.5,5.7610001564,0,0,-0.1524390243902439,0.8356983786770651
0,0,-0.005,0.739612188365651,0.0530999755859,188.nc,825.099975586,5.75099992752,0,0,-0.14634146341463414,0.8363065031457295
0,0,0.0,0.7368421052631579,0.053700012207,188.nc,825.700012207,5.74100017548,0,0,-0.14634146341463414,0.8369146894785311
0,0,0.005,0.7340720221606648,0.054299987793,188.nc,826.299987793,5.74100017548,0,0,-0.1524390243902439,0.8375228139471955
0,0,0.0,0.7313019390581718,0.0549000244141,188.nc,826.900024414,5.75099992752,0,0,-0.15853658536585366,0.8381310002799971
0,0,-0.005,0.7285318559556787,0.0555,188.nc,827.5,5.75099992752,0,0,-0.1524390243902439,0.8387391247486615
0,0,0.0,0.7257617728531855,0.0560999755859,188.nc,828.099975586,5.74100017548,0,0,-0.1524390243902439,0.8393472492173258
0,0,0.01,0.7229916897506925,0.056799987793,188.nc,828.799987793,5.74100017548,0,0,-0.16463414634146342,0.8400567690068591
0,0,-0.01,0.7202216066481995,0.0574000244141,188.nc,829.400024414,5.7610001564,0,0,-0.17073170731707318,0.8406649553396607
0,0,0.005,0.7174515235457064,0.058,188.nc,830.0,5.74100017548,0,0,-0.17073170731707318,0.8412730798083251
0,0,0.0,0.7146814404432132,0.0585999755859,188.nc,830.599975586,5.75099992752,0,0,-0.17682926829268292,0.8418812042769895
0,0,-0.005,0.7119113573407202,0.059200012207,188.nc,831.200012207,5.75099992752,0,0,-0.17073170731707318,0.8424893906097911
0,0,0.005,0.7091412742382271,0.059799987793,188.nc,831.799987793,5.74100017548,0,0,-0.17682926829268292,0.8430975150784554
0,0,-0.005,0.7063711911357341,0.0604000244141,188.nc,832.400024414,5.75099992752,0,0,-0.18292682926829268,0.8437057014112571
0,0,0.005,0.703601108033241,0.061,188.nc,833.0,5.74100017548,0,0,-0.18902439024390244,0.8443138258799214
0,0,0.005,0.7008310249307479,0.0615999755859,188.nc,833.599975586,5.75099992752,0,0,-0.1951219512195122,0.8449219503485859
0,0,0.0,0.6980609418282548,0.062200012207,188.nc,834.200012207,5.7610001564,0,0,-0.1951219512195122,0.8455301366813874
0,0,0.0,0.6952908587257618,0.0629000244141,188.nc,834.900024414,5.7610001564,0,0,-0.1951219512195122,0.8462396564709207
0,0,0.0,0.6925207756232687,0.0635,188.nc,835.5,5.7610001564,0,0,-0.1951219512195122,0.8468477809395851
0,0,-0.005,0.6897506925207756,0.0640999755859,188.nc,836.099975586,5.7610001564,0,0,-0.18902439024390244,0.8474559054082494
0,0,-0.005,0.6869806094182825,0.064700012207,188.nc,836.700012207,5.75099992752,0,0,-0.18902439024390244,0.8480640917410511
0,0,0.005,0.6842105263157895,0.065299987793,188.nc,837.299987793,5.74100017548,0,0,-0.1951219512195122,0.8486722162097154
0,0,0.0,0.6814404432132964,0.0659000244141,188.nc,837.900024414,5.75099992752,0,0,-0.2073170731707317,0.849280402542517
0,0,0.005,0.6786703601108033,0.0665,188.nc,838.5,5.75099992752,0,0,-0.21341463414634146,0.8498885270111814
0,0,-0.005,0.6759002770083102,0.0670999755859,188.nc,839.099975586,5.7610001564,0,0,-0.21951219512195122,0.8504966514798459
0,0,0.0,0.6731301939058172,0.067700012207,188.nc,839.700012207,5.75099992752,0,0,-0.22560975609756098,0.8511048378126475
0,0,0.0,0.6703601108033241,0.068299987793,188.nc,840.299987793,5.75099992752,0,0,-0.23170731707317074,0.8517129622813118
0,0,0.005,0.667590027700831,0.069,188.nc,841.0,5.75099992752,0,0,-0.24390243902439024,0.852422482070845
0,0,-0.005,0.6648199445983379,0.0695999755859,188.nc,841.599975586,5.7610001564,0,0,-0.25,0.8530306065395095
0,0,0.005,0.6620498614958449,0.070200012207,188.nc,842.200012207,5.75099992752,0,0,-0.25609756097560976,0.853638792872311
0,0,-0.005,0.6592797783933518,0.070799987793,188.nc,842.799987793,5.7610001564,0,0,-0.2621951219512195,0.8542469173409755
0,0,0.0,0.6565096952908587,0.0714000244141,188.nc,843.400024414,5.75099992752,0,0,-0.2682926829268293,0.854855103673777
0,0,0.005,0.6537396121883656,0.072,188.nc,844.0,5.75099992752,0,0,-0.27439024390243905,0.8554632281424415
0,0,-0.005,0.6509695290858726,0.0725999755859,188.nc,844.599975586,5.7610001564,0,0,-0.27439024390243905,0.8560713526111058
0,0,0.005,0.6481994459833795,0.073200012207,188.nc,845.200012207,5.75099992752,0,0,-0.27439024390243905,0.8566795389439075
0,0,0.0,0.6454293628808865,0.073799987793,188.nc,845.799987793,5.7610001564,0,0,-0.2865853658536585,0.8572876634125718
0,0,0.0,0.6426592797783933,0.0744000244141,188.nc,846.400024414,5.7610001564,0,0,-0.29878048780487804,0.8578958497453734
0,0,0.0,0.6398891966759003,0.0750999755859,188.nc,847.099975586,5.7610001564,0,0,-0.3048780487804878,0.8586053076707695
0,0,0.005,0.6371191135734072,0.075700012207,188.nc,847.700012207,5.7610001564,0,0,-0.31097560975609756,0.859213494003571
0,0,-0.005,0.6343490304709142,0.076299987793,188.nc,848.299987793,5.77099990845,0,0,-0.31097560975609756,0.8598216184722355
0,0,0.0,0.631578947368421,0.0769000244141,188.nc,848.900024414,5.7610001564,0,0,-0.31097560975609756,0.8604298048050371
0,0,0.005,0.628808864265928,0.0775,188.nc,849.5,5.7610001564,0,0,-0.3231707317073171,0.8610379292737014
0,0,0.0,0.6260387811634349,0.0780999755859,188.nc,850.099975586,5.77099990845,0,0,-0.3231707317073171,0.8616460537423658
0,0,-0.005,0.6232686980609419,0.078700012207,188.nc,850.700012207,5.77099990845,0,0,-0.3231707317073171,0.8622542400751674
0,0,0.01,0.6204986149584487,0.079299987793,188.nc,851.299987793,5.7610001564,0,0,-0.32926829268292684,0.8628623645438318
0,0,-0.01,0.6177285318559557,0.0799000244141,188.nc,851.900024414,5.78200006485,0,0,-0.32926829268292684,0.8634705508766334
0,0,0.005,0.6149584487534626,0.0805,188.nc,852.5,5.7610001564,0,0,-0.3353658536585366,0.8640786753452978
0,0,0.0,0.6121883656509696,0.0810999755859,188.nc,853.099975586,5.77099990845,0,0,-0.34146341463414637,0.8646867998139621
0,0,0.0,0.6094182825484764,0.081799987793,188.nc,853.799987793,5.77099990845,0,0,-0.34146341463414637,0.8653963196034954
0,0,0.0,0.6066481994459834,0.0824000244141,188.nc,854.400024414,5.77099990845,0,0,-0.34146341463414637,0.866004505936297
0,0,0.0,0.6038781163434903,0.083,188.nc,855.0,5.77099990845,0,0,-0.34146341463414637,0.8666126304049614
0,0,0.0,0.6011080332409973,0.0835999755859,188.nc,855.599975586,5.77099990845,0,0,-0.34146341463414637,0.8672207548736258
0,0,0.01,0.5983379501385041,0.084200012207,188.nc,856.200012207,5.77099990845,0,0,-0.34146341463414637,0.8678289412064274
0,0,-0.01,0.5955678670360111,0.084799987793,188.nc,856.799987793,5.78200006485,0,0,-0.34146341463414637,0.8684370656750918
0,0,0.005,0.592797783933518,0.0854000244141,188.nc,857.400024414,5.7610001564,0,0,-0.3475609756097561,0.8690452520078934
0,0,0.0,0.590027700831025,0.086,188.nc,858.0,5.77099990845,0,0,-0.35365853658536583,0.8696533764765577
0,0,0.01,0.5872576177285319,0.0865999755859,188.nc,858.599975586,5.77099990845,0,0,-0.35365853658536583,0.8702615009452221
0,0,-0.01,0.5844875346260388,0.087200012207,188.nc,859.200012207,5.78200006485,0,0,-0.35365853658536583,0.8708696872780237
0,0,0.005,0.5817174515235457,0.087799987793,188.nc,859.799987793,5.7610001564,0,0,-0.3597560975609756,0.8714778117466881
0,0,0.0,0.5789473684210527,0.0885,188.nc,860.5,5.77099990845,0,0,-0.36585365853658536,0.8721873315362214
0,0,-0.005,0.5761772853185596,0.0890999755859,188.nc,861.099975586,5.77099990845,0,0,-0.36585365853658536,0.8727954560048857
0,0,0.005,0.5734072022160664,0.089700012207,188.nc,861.700012207,5.7610001564,0,0,-0.3719512195121951,0.8734036423376874
0,0,0.0,0.5706371191135734,0.090299987793,188.nc,862.299987793,5.77099990845,0,0,-0.3719512195121951,0.8740117668063517
0,0,0.0,0.5678670360110804,0.0909000244141,188.nc,862.900024414,5.77099990845,0,0,-0.36585365853658536,0.8746199531391533
0,0,0.01,0.5650969529085873,0.0915,188.nc,863.5,5.77099990845,0,0,-0.36585365853658536,0.8752280776078177
0,0,-0.01,0.5623268698060941,0.0920999755859,188.nc,864.099975586,5.78200006485,0,0.5,-0.3597560975609756,0.8758362020764822
0,0,-0.005,0.5595567867036011,0.092700012207,188.nc,864.700012207,5.77099990845,0,0.5,-0.35365853658536583,0.8764443884092837
0,0,0.0,0.556786703601108,0.093299987793,188.nc,865.299987793,5.7610001564,0,0.5,-0.35365853658536583,0.8770525128779482
0,0,0.01,0.554016620498615,0.0939000244141,188.nc,865.900024414,5.7610001564,0,0.5,-0.3597560975609756,0.8776606992107497
0,0,0.0,0.5512465373961218,0.0945,188.nc,866.5,5.78200006485,0,0.5,-0.36585365853658536,0.8782688236794141
0,0,-0.005,0.5484764542936288,0.0950999755859,188.nc,867.099975586,5.78200006485,0,0.5,-0.36585365853658536,0.8788769481480785
0,0,-0.005,0.5457063711911357,0.095799987793,188.nc,867.799987793,5.77099990845,0,0.5,-0.3597560975609756,0.8795864679376117
0,0,0.0,0.5429362880886427,0.0964000244141,188.nc,868.400024414,5.7610001564,0,0.5,-0.3597560975609756,0.8801946542704133
0,0,0.0,0.5401662049861495,0.097,188.nc,869.0,5.7610001564,0,0.5,-0.36585365853658536,0.8808027787390778
0,0,0.0,0.5373961218836565,0.0975999755859,188.nc,869.599975586,5.7610001564,0,0.5,-0.3719512195121951,0.8814109032077421
0,0,0.01,0.5346260387811634,0.098200012207,188.nc,870.200012207,5.7610001564,0,0.5,-0.38414634146341464,0.8820190895405438
0,0,-0.01,0.5318559556786704,0.098799987793,188.nc,870.799987793,5.78200006485,0,0.5,-0.38414634146341464,0.8826272140092081
0,0,0.005,0.5290858725761773,0.0994000244141,188.nc,871.400024414,5.7610001564,0,0.5,-0.38414634146341464,0.8832354003420096
0,0,0.0,0.5263157894736842,0.1,188.nc,872.0,5.77099990845,0,0.5,-0.38414634146341464,0.8838435248106741
0,0,-0.005,0.5235457063711911,0.100599975586,188.nc,872.599975586,5.77099990845,0,0.5,-0.3780487804878049,0.8844516492793385
0,0,0.005,0.5207756232686981,0.101200012207,188.nc,873.200012207,5.7610001564,0,0.5,-0.3780487804878049,0.8850598356121401
0,0,0.0,0.518005540166205,0.101799987793,188.nc,873.799987793,5.77099990845,0,0.5,-0.3780487804878049,0.8856679600808045
0,0,0.01,0.5152354570637119,0.102400024414,188.nc,874.400024414,5.77099990845,0,0.5,-0.3719512195121951,0.8862761464136061
0,0,0.0,0.5124653739612188,0.103,188.nc,875.0,5.78200006485,0,0.5,-0.36585365853658536,0.8868842708822704
0,0,-0.01,0.5096952908587258,0.103700012207,188.nc,875.700012207,5.78200006485,0,0.5,-0.36585365853658536,0.8875937906718037
0,0,0.01,0.5069252077562327,0.104299987793,188.nc,876.299987793,5.77099990845,0,0.5,-0.3597560975609756,0.8882019151404681
0,0,0.0,0.5041551246537396,0.104900024414,188.nc,876.900024414,5.78200006485,0,0.5,-0.35365853658536583,0.8888101014732697
0,0,-0.01,0.5013850415512465,0.1055,188.nc,877.5,5.78200006485,0,0.5,-0.3475609756097561,0.8894182259419341
0,0,0.0,0.4986149584487535,0.106099975586,188.nc,878.099975586,5.77099990845,0,0.5,-0.34146341463414637,0.8900263504105984
0,0,0.0,0.49584487534626037,0.106700012207,188.nc,878.700012207,5.77099990845,0,0.5,-0.34146341463414637,0.8906345367434001
0,0,0.01,0.4930747922437673,0.107299987793,188.nc,879.299987793,5.77099990845,0,0.5,-0.3353658536585366,0.8912426612120644
0,0,0.0,0.4903047091412742,0.107900024414,188.nc,879.900024414,5.78200006485,0,0.5,-0.3353658536585366,0.891850847544866
0,0,-0.01,0.48753462603878117,0.1085,188.nc,880.5,5.78200006485,0,0.5,-0.3353658536585366,0.8924589720135304
0,0,0.01,0.48476454293628807,0.109099975586,188.nc,881.099975586,5.77099990845,0,1,-0.3353658536585366,0.8930670964821948
0,0,-0.01,0.481994459833795,0.109700012207,188.nc,881.700012207,5.78200006485,0,1,-0.3353658536585366,0.8936752828149964
0,0,0.0,0.4792243767313019,0.110299987793,188.nc,882.299987793,5.77099990845,0,1,-0.32926829268292684,0.8942834072836608
0,0,-0.005,0.47645429362880887,0.110900024414,188.nc,882.900024414,5.77099990845,0,1,-0.3231707317073171,0.8948915936164624
0,0,0.005,0.47368421052631576,0.1115,188.nc,883.5,5.7610001564,0,1,-0.3231707317073171,0.8954997180851267
0,0,0.01,0.4709141274238227,0.112200012207,188.nc,884.200012207,5.77099990845,0,1,-0.3353658536585366,0.89620923787466
0,0,-0.01,0.46814404432132967,0.112799987793,188.nc,884.799987793,5.78200006485,0,1,-0.34146341463414637,0.8968173623433244
0,0,0.0,0.46537396121883656,0.113400024414,188.nc,885.400024414,5.77099990845,0,1,-0.34146341463414637,0.897425548676126
0,0,0.0,0.4626038781163435,0.114,188.nc,886.0,5.77099990845,0,1,-0.3475609756097561,0.8980336731447904
0,0,0.0,0.4598337950138504,0.114599975586,188.nc,886.599975586,5.77099990845,0,0.5,-0.3597560975609756,0.8986417976134548
0,0,0.0,0.45706371191135736,0.115200012207,188.nc,887.200012207,5.77099990845,0,0.5,-0.3719512195121951,0.8992499839462564
0,0,0.01,0.45429362880886426,0.115799987793,188.nc,887.799987793,5.77099990845,0,0.5,-0.38414634146341464,0.8998581084149208
0,0,0.0,0.4515235457063712,0.116400024414,188.nc,888.400024414,5.78200006485,0,0.5,-0.3902439024390244,0.9004662947477223
0,0,0.0,0.4487534626038781,0.117,188.nc,889.0,5.78200006485,0,0.5,-0.4024390243902439,0.9010744192163868
0,0,0.0,0.44598337950138506,0.117599975586,188.nc,889.599975586,5.78200006485,0,0.5,-0.4146341463414634,0.9016825436850512
0,0,0.0,0.44321329639889195,0.118200012207,188.nc,890.200012207,5.78200006485,0,0.5,-0.4268292682926829,0.9022907300178528
0,0,0.005,0.4404432132963989,0.118799987793,188.nc,890.799987793,5.78200006485,0,0.5,-0.43902439024390244,0.9028988544865172
0,0,-0.005,0.4376731301939058,0.119400024414,188.nc,891.400024414,5.79199981689,0,0.5,-0.43902439024390244,0.9035070408193188
0,0,0.0,0.43490304709141275,0.12,188.nc,892.0,5.78200006485,0,0.5,-0.43902439024390244,0.9041151652879831
0,0,0.0,0.43213296398891965,0.120599975586,188.nc,892.599975586,5.78200006485,0,0.5,-0.45121951219512196,0.9047232897566475
0,0,0.0,0.4293628808864266,0.121200012207,188.nc,893.200012207,5.78200006485,0,0.5,-0.4634146341463415,0.9053314760894491
0,0,0.0,0.4265927977839335,0.121900024414,188.nc,893.900024414,5.78200006485,0,0.5,-0.47560975609756095,0.9060409958789823
0,0,0.0,0.42382271468144045,0.1225,188.nc,894.5,5.78200006485,0,0.5,-0.4878048780487805,0.9066491203476468
0,0,0.0,0.42105263157894735,0.123099975586,188.nc,895.099975586,5.78200006485,0,0.5,-0.5,0.9072572448163111
0,0,0.0,0.4182825484764543,0.123700012207,188.nc,895.700012207,5.78200006485,0,0.5,-0.5060975609756098,0.9078654311491128
0,0,0.005,0.4155124653739612,0.124299987793,188.nc,896.299987793,5.78200006485,0,0.5,-0.5121951219512195,0.9084735556177771
0,0,-0.005,0.41274238227146814,0.124900024414,188.nc,896.900024414,5.79199981689,0,0.5,-0.5182926829268293,0.9090817419505787
0,0,0.005,0.4099722991689751,0.1255,188.nc,897.5,5.78200006485,0,0.5,-0.5182926829268293,0.9096898664192431
0,0,0.0,0.407202216066482,0.126099975586,188.nc,898.099975586,5.79199981689,0,0.5,-0.5304878048780488,0.9102979908879075
0,0,0.0,0.40443213296398894,0.126700012207,188.nc,898.700012207,5.79199981689,0,0.5,-0.5365853658536586,0.9109061772207091
0,0,0.0,0.40166204986149584,0.127299987793,188.nc,899.299987793,5.79199981689,0,0.5,-0.5426829268292683,0.9115143016893735
0,0,-0.005,0.3988919667590028,0.127900024414,188.nc,899.900024414,5.79199981689,0,0.5,-0.5487804878048781,0.9121224880221751
0,0,0.005,0.3961218836565097,0.1285,188.nc,900.5,5.78200006485,0,0.5,-0.5487804878048781,0.9127306124908394
0,0,0.01,0.39335180055401664,0.129099975586,188.nc,901.099975586,5.79199981689,0,0.5,-0.5548780487804879,0.9133387369595038
0,0,-0.01,0.39058171745152354,0.129700012207,188.nc,901.700012207,5.81199979782,0,0.5,-0.5487804878048781,0.9139469232923054
0,0,0.005,0.3878116343490305,0.130299987793,188.nc,902.299987793,5.79199981689,0,0.5,-0.5426829268292683,0.9145550477609699
0,0,-0.005,0.3850415512465374,0.130900024414,188.nc,902.900024414,5.80200004578,0,0.5,-0.5426829268292683,0.9151632340937714
0,0,0.0,0.38227146814404434,0.1315,188.nc,903.5,5.79199981689,0,0,-0.5426829268292683,0.9157713585624359
0,0,0.0,0.37950138504155123,0.132099975586,188.nc,904.099975586,5.79199981689,0,0,-0.5487804878048781,0.9163794830311002
0,0,0.0,0.3767313019390582,0.132799987793,188.nc,904.799987793,5.79199981689,0,0,-0.5609756097560976,0.9170890028206334
0,0,0.005,0.3739612188365651,0.133400024414,188.nc,905.400024414,5.79199981689,0,0,-0.5609756097560976,0.917697189153435
0,0,-0.01,0.37119113573407203,0.134,188.nc,906.0,5.80200004578,0,0,-0.5609756097560976,0.9183053136220994
0,0,0.0,0.3684210526315789,0.134599975586,188.nc,906.599975586,5.78200006485,0,0,-0.5670731707317073,0.9189134380907639
0,0,0.015,0.3656509695290859,0.135200012207,188.nc,907.200012207,5.78200006485,0,0,-0.5792682926829268,0.9195216244235654
0,0,-0.005,0.3628808864265928,0.135799987793,188.nc,907.799987793,5.81199979782,0,0,-0.5853658536585366,0.9201297488922299
0,0,0.0,0.3601108033240997,0.136400024414,188.nc,908.400024414,5.80200004578,0,0,-0.5853658536585366,0.9207379352250314
0,0,-0.01,0.3573407202216066,0.137,188.nc,909.0,5.80200004578,0,0,-0.5853658536585366,0.9213460596936958
0,0,0.005,0.3545706371191136,0.137599975586,188.nc,909.599975586,5.78200006485,0,0,-0.5914634146341463,0.9219541841623602
0,0,0.01,0.3518005540166205,0.138200012207,188.nc,910.200012207,5.79199981689,0,0,-0.5975609756097561,0.9225623704951618
0,0,-0.01,0.3490304709141274,0.138799987793,188.nc,910.799987793,5.81199979782,0,0,-0.5975609756097561,0.9231704949638262
0,0,0.01,0.3462603878116344,0.139400024414,188.nc,911.400024414,5.79199981689,0,0,-0.5975609756097561,0.9237786812966278
0,0,-0.01,0.34349030470914127,0.14,188.nc,912.0,5.81199979782,0,0,-0.5975609756097561,0.9243868057652922
0,0,0.0,0.3407202216066482,0.140599975586,188.nc,912.599975586,5.79199981689,0,0,-0.5975609756097561,0.9249949302339565
0,0,0.0,0.3379501385041551,0.141200012207,188.nc,913.200012207,5.79199981689,0,0,-0.6036585365853658,0.9256031165667582
0,0,0.005,0.33518005540166207,0.141799987793,188.nc,913.799987793,5.79199981689,0,0,-0.6036585365853658,0.9262112410354225
0,0,0.0,0.33240997229916897,0.142400024414,188.nc,914.400024414,5.80200004578,0,0,-0.5975609756097561,0.9268194273682241
0,0,0.005,0.3296398891966759,0.143,188.nc,915.0,5.80200004578,0,0,-0.5914634146341463,0.9274275518368885
0,0,-0.01,0.3268698060941828,0.143599975586,188.nc,915.599975586,5.81199979782,0,0,-0.5853658536585366,0.928035676305553
0,0,-0.005,0.32409972299168976,0.144200012207,188.nc,916.200012207,5.79199981689,0,0,-0.5792682926829268,0.9286438626383545
0,0,0.01,0.32132963988919666,0.144799987793,188.nc,916.799987793,5.78200006485,0,0,-0.5853658536585366,0.9292519871070188
0,0,0.0,0.3185595567867036,0.1455,188.nc,917.5,5.80200004578,0,0,-0.5914634146341463,0.9299615068965521
0,0,-0.005,0.3157894736842105,0.146099975586,188.nc,918.099975586,5.80200004578,0,0,-0.5914634146341463,0.9305696313652165
0,0,0.0,0.31301939058171746,0.146700012207,188.nc,918.700012207,5.79199981689,0,0,-0.5914634146341463,0.9311778176980181
0,0,0.005,0.31024930747922436,0.147299987793,188.nc,919.299987793,5.79199981689,0,0,-0.5975609756097561,0.9317859421666825
0,0,0.0,0.3074792243767313,0.147900024414,188.nc,919.900024414,5.80200004578,0,0,-0.6036585365853658,0.9323941284994841
0,0,0.0,0.3047091412742382,0.1485,188.nc,920.5,5.80200004578,0,0,-0.6097560975609756,0.9330022529681485
0,0,-0.01,0.30193905817174516,0.149099975586,188.nc,921.099975586,5.80200004578,0,0,-0.6097560975609756,0.9336103774368129
0,0,0.005,0.29916897506925205,0.149700012207,188.nc,921.700012207,5.78200006485,0,0,-0.6097560975609756,0.9342185637696145
0,0,-0.005,0.296398891966759,0.150299987793,188.nc,922.299987793,5.79199981689,0,0,-0.6097560975609756,0.9348266882382789
0,0,0.0,0.29362880886426596,0.150900024414,188.nc,922.900024414,5.78200006485,0,0,-0.6097560975609756,0.9354348745710804
0,0,0.01,0.29085872576177285,0.1515,188.nc,923.5,5.78200006485,0,0,-0.6158536585365854,0.9360429990397449
0,0,-0.005,0.2880886426592798,0.152099975586,188.nc,924.099975586,5.80200004578,0,0,-0.6158536585365854,0.9366511235084093
0,0,0.0,0.2853185595567867,0.152700012207,188.nc,924.700012207,5.79199981689,0,0,-0.6219512195121951,0.9372593098412109
0,0,0.0,0.28254847645429365,0.153299987793,188.nc,925.299987793,5.79199981689,0,0,-0.6280487804878049,0.9378674343098752
0,0,0.005,0.27977839335180055,0.153900024414,188.nc,925.900024414,5.79199981689,0,0,-0.6280487804878049,0.9384756206426769
0,0,0.0,0.2770083102493075,0.1545,188.nc,926.5,5.80200004578,0,0,-0.6280487804878049,0.9390837451113412
0,0,-0.005,0.2742382271468144,0.155099975586,188.nc,927.099975586,5.80200004578,0,0,-0.6341463414634146,0.9396918695800056
0,0,0.0,0.27146814404432135,0.155700012207,188.nc,927.700012207,5.79199981689,0,0,-0.6280487804878049,0.9403000559128072
0,0,0.0,0.26869806094182824,0.156299987793,188.nc,928.299987793,5.79199981689,0,0,-0.6219512195121951,0.9409081803814716
0,0,0.0,0.2659279778393352,0.156900024414,188.nc,928.900024414,5.79199981689,0,0,-0.6158536585365854,0.9415163667142732
0,0,0.0,0.2631578947368421,0.1575,188.nc,929.5,5.79199981689,0,0,-0.6097560975609756,0.9421244911829376
0,0,0.0,0.26038781163434904,0.158099975586,188.nc,930.099975586,5.79199981689,0,0,-0.6097560975609756,0.9427326156516019
0,0,0.0,0.25761772853185594,0.158700012207,188.nc,930.700012207,5.79199981689,0,0,-0.6097560975609756,0.9433408019844035
0,0,0.0,0.2548476454293629,0.159299987793,188.nc,931.299987793,5.79199981689,0,0,-0.6036585365853658,0.9439489264530679
0,0,0.0,0.2520775623268698,0.159900024414,188.nc,931.900024414,5.79199981689,0,0,-0.6036585365853658,0.9445571127858695
0,0,0.0,0.24930747922437674,0.1605,188.nc,932.5,5.79199981689,0,0,-0.6036585365853658,0.9451652372545339
0,0,-0.005,0.24653739612188366,0.161099975586,188.nc,933.099975586,5.79199981689,0,0,-0.5975609756097561,0.9457733617231984
0,0,0.005,0.24376731301939059,0.161799987793,188.nc,933.799987793,5.78200006485,0,0,-0.6036585365853658,0.9464828815127316
0,0,0.0,0.2409972299168975,0.162400024414,188.nc,934.400024414,5.79199981689,0,0,-0.6097560975609756,0.9470910678455332
0,0,0.0,0.23822714681440443,0.163,188.nc,935.0,5.79199981689,0,0,-0.6158536585365854,0.9476991923141975
0,0,0.0,0.23545706371191136,0.163599975586,188.nc,935.599975586,5.79199981689,0,0,-0.6219512195121951,0.948307316782862
0,0,0.0,0.23268698060941828,0.164200012207,188.nc,936.200012207,5.79199981689,0,0,-0.6280487804878049,0.9489155031156635
0,0,0.005,0.2299168975069252,0.164799987793,188.nc,936.799987793,5.79199981689,0,0,-0.6341463414634146,0.949523627584328
0,0,0.0,0.22714681440443213,0.165400024414,188.nc,937.400024414,5.80200004578,0,0,-0.6402439024390244,0.9501318139171295
0,0,-0.005,0.22437673130193905,0.166,188.nc,938.0,5.80200004578,0,0,-0.6463414634146342,0.950739938385794
0,0,0.0,0.22160664819944598,0.166599975586,188.nc,938.599975586,5.79199981689,0,0,-0.6463414634146342,0.9513480628544583
0,0,0.0,0.2188365650969529,0.167200012207,188.nc,939.200012207,5.79199981689,0,0,-0.6524390243902439,0.9519562491872599
0,0,0.005,0.21606648199445982,0.167799987793,188.nc,939.799987793,5.79199981689,0,0,-0.6585365853658537,0.9525643736559243
0,0,0.0,0.21329639889196675,0.168400024414,188.nc,940.400024414,5.80200004578,0,0,-0.6585365853658537,0.9531725599887259
0,0,-0.005,0.21052631578947367,0.169,188.nc,941.0,5.80200004578,0,0,-0.6524390243902439,0.9537806844573903
0,0,0.0,0.2077562326869806,0.169599975586,188.nc,941.599975586,5.79199981689,0,0,-0.6585365853658537,0.9543888089260547
0,0,0.0,0.20498614958448755,0.170200012207,188.nc,942.200012207,5.79199981689,0,0,-0.6646341463414634,0.9549969952588563
0,0,0.0,0.20221606648199447,0.170799987793,188.nc,942.799987793,5.79199981689,0,0,-0.6707317073170732,0.9556051197275206
0,0,0.0,0.1994459833795014,0.171400024414,188.nc,943.400024414,5.79199981689,0,0,-0.6829268292682927,0.9562133060603223
0,0,0.0,0.19667590027700832,0.172,188.nc,944.0,5.79199981689,0,0,-0.6951219512195121,0.9568214305289866
0,0,0.0,0.19390581717451524,0.172599975586,188.nc,944.599975586,5.79199981689,0,0,-0.7073170731707317,0.957429554997651
0,0,0.005,0.19113573407202217,0.173200012207,188.nc,945.200012207,5.79199981689,0,0,-0.7134146341463414,0.9580377413304526
0,0,-0.005,0.1883656509695291,0.173799987793,188.nc,945.799987793,5.80200004578,0,0,-0.7195121951219512,0.958645865799117
0,0,0.0,0.18559556786703602,0.174400024414,188.nc,946.400024414,5.79199981689,0,0,-0.725609756097561,0.9592540521319186
0,0,0.0,0.18282548476454294,0.175,188.nc,947.0,5.79199981689,0,0,-0.7378048780487805,0.9598621766005829
0,0,0.005,0.18005540166204986,0.175599975586,188.nc,947.599975586,5.79199981689,0,0,-0.75,0.9604703010692474
0,0,-0.005,0.1772853185595568,0.176200012207,188.nc,948.200012207,5.80200004578,0,0,-0.7560975609756098,0.9610784874020489
0,0,0.0,0.1745152354570637,0.176799987793,188.nc,948.799987793,5.79199981689,0,0,-0.7621951219512195,0.9616866118707134
0,0,0.0,0.17174515235457063,0.177400024414,188.nc,949.400024414,5.79199981689,0,0,-0.774390243902439,0.9622947982035149
0,0,0.0,0.16897506925207756,0.178,188.nc,950.0,5.79199981689,0,0,-0.7865853658536586,0.9629029226721794
0,0,0.005,0.16620498614958448,0.178599975586,188.nc,950.599975586,5.79199981689,0,0,-0.7987804878048781,0.9635110471408437
0,0,0.005,0.1634349030470914,0.179200012207,188.nc,951.200012207,5.80200004578,0,0,-0.8048780487804879,0.9641192334736454
0,0,-0.01,0.16066481994459833,0.179799987793,188.nc,951.799987793,5.81199979782,0,0,-0.8048780487804879,0.9647273579423097
0,0,0.005,0.15789473684210525,0.180400024414,188.nc,952.400024414,5.79199981689,0,0,-0.8109756097560976,0.9653355442751113
0,0,0.0,0.15512465373961218,0.181,188.nc,953.0,5.80200004578,0,0,-0.8170731707317073,0.9659436687437757
0,0,-0.005,0.1523545706371191,0.181599975586,188.nc,953.599975586,5.80200004578,0,0,-0.8170731707317073,0.9665517932124401
0,0,0.005,0.14958448753462603,0.182200012207,188.nc,954.200012207,5.79199981689,0,0,-0.823170731707317,0.9671599795452417
0,0,-0.005,0.14681440443213298,0.182799987793,188.nc,954.799987793,5.80200004578,0,0,-0.8292682926829268,0.9677681040139061
0,0,0.0,0.1440443213296399,0.183400024414,188.nc,955.400024414,5.79199981689,0,0,-0.8353658536585366,0.9683762903467077
0,0,0.0,0.14127423822714683,0.184,188.nc,956.0,5.79199981689,0,0,-0.8475609756097561,0.968984414815372
0,0,0.0,0.13850415512465375,0.184599975586,188.nc,956.599975586,5.79199981689,0,0,-0.8597560975609756,0.9695925392840364
0,0,0.0,0.13573407202216067,0.185200012207,188.nc,957.200012207,5.79199981689,0,0,-0.8719512195121951,0.970200725616838
0,0,0.0,0.1329639889196676,0.185799987793,188.nc,957.799987793,5.79199981689,0,0,-0.8841463414634146,0.9708088500855024
0,0,0.005,0.13019390581717452,0.186400024414,188.nc,958.400024414,5.79199981689,0,0,-0.8963414634146342,0.971417036418304
0,0,-0.005,0.12742382271468145,0.187,188.nc,959.0,5.80200004578,0,0,-0.9024390243902439,0.9720251608869684
0,0,0.0,0.12465373961218837,0.187599975586,188.nc,959.599975586,5.79199981689,0,0,-0.9085365853658537,0.9726332853556328
0,0,0.0,0.12188365650969529,0.188200012207,188.nc,960.200012207,5.79199981689,0,0,-0.9207317073170732,0.9732414716884343
0,0,0.0,0.11911357340720222,0.188799987793,188.nc,960.799987793,5.79199981689,0,0,-0.9329268292682927,0.9738495961570988
0,0,0.0,0.11634349030470914,0.189400024414,188.nc,961.400024414,5.79199981689,0,0,-0.9451219512195121,0.9744577824899003
0,0,0.005,0.11357340720221606,0.19,188.nc,962.0,5.79199981689,0,0,-0.9573170731707317,0.9750659069585648
0,0,-0.005,0.11080332409972299,0.190599975586,188.nc,962.599975586,5.80200004578,0,0,-0.9634146341463414,0.9756740314272292
0,0,0.0,0.10803324099722991,0.191200012207,188.nc,963.200012207,5.79199981689,0,0,-0.9695121951219512,0.9762822177600308
0,0,0.005,0.10526315789473684,0.191799987793,188.nc,963.799987793,5.79199981689,0,0,-0.9817073170731707,0.9768903422286951
0,0,0.0,0.10249307479224377,0.192400024414,188.nc,964.400024414,5.80200004578,0,0,-0.9878048780487805,0.9774985285614968
0,0,0.0,0.0997229916897507,0.193,188.nc,965.0,5.80200004578,0,0,-0.9878048780487805,0.9781066530301611
0,0,-0.005,0.09695290858725762,0.193599975586,188.nc,965.599975586,5.80200004578,0,0,-0.9878048780487805,0.9787147774988255
0,0,0.005,0.09418282548476455,0.194200012207,188.nc,966.200012207,5.79199981689,0,0,-0.9939024390243902,0.9793229638316271
0,0,0.0,0.09141274238227147,0.194799987793,188.nc,966.799987793,5.80200004578,0,0,-1.0,0.9799310883002915
0,0,0.005,0.0886426592797784,0.1955,188.nc,967.5,5.80200004578,0,0,-1.0,0.9806406080898248
0,0,-0.005,0.08587257617728532,0.196099975586,188.nc,968.099975586,5.81199979782,0,0,-1.0,0.9812487325584891
0,0,0.0,0.08310249307479224,0.196700012207,188.nc,968.700012207,5.80200004578,0,0,-1.0,0.9818569188912907
0,0,0.0,0.08033240997229917,0.197299987793,188.nc,969.299987793,5.80200004578,0,0,-1.0,0.9824650433599551
0,0,0.0,0.07756232686980609,0.197900024414,188.nc,969.900024414,5.80200004578,0,0,-1.0,0.9830732296927567
0,0,0.0,0.07479224376731301,0.1985,188.nc,970.5,5.80200004578,0,0,-1.0,0.9836813541614211
0,0,0.0,0.07202216066481995,0.199099975586,188.nc,971.099975586,5.80200004578,0,0,-1.0,0.9842894786300855
0,0,0.005,0.06925207756232687,0.199700012207,188.nc,971.700012207,5.80200004578,0,0,-1.0,0.9848976649628871
0,0,0.0,0.0664819944598338,0.200299987793,188.nc,972.299987793,5.81199979782,0,0,-1.0,0.9855057894315514
0,0,0.0,0.06371191135734072,0.200900024414,188.nc,972.900024414,5.81199979782,0,0,-1.0,0.9861139757643531
0,0,-0.005,0.060941828254847646,0.2015,188.nc,973.5,5.81199979782,0,0,-1.0,0.9867221002330174
0,0,0.0,0.05817174515235457,0.202099975586,188.nc,974.099975586,5.80200004578,0,0,-1.0,0.9873302247016819
0,0,0.0,0.055401662049861494,0.202700012207,188.nc,974.700012207,5.80200004578,0,0,-1.0,0.9879384110344834
0,0,0.0,0.05263157894736842,0.203299987793,188.nc,975.299987793,5.80200004578,0,0,-1.0,0.9885465355031479
0,0,0.0,0.04986149584487535,0.203900024414,188.nc,975.900024414,5.80200004578,0,0,-1.0,0.9891547218359494
0,0,0.0,0.04709141274238227,0.2045,188.nc,976.5,5.80200004578,0,0,-1.0,0.9897628463046139
0,0,0.0,0.0443213296398892,0.205099975586,188.nc,977.099975586,5.80200004578,0,0,-1.0,0.9903709707732782
0,0,0.0,0.04155124653739612,0.205700012207,188.nc,977.700012207,5.80200004578,0,0,-1.0,0.9909791571060798
0,0,0.0,0.038781163434903045,0.206299987793,188.nc,978.299987793,5.80200004578,0,0,-1.0,0.9915872815747442
0,0,0.005,0.036011080332409975,0.206900024414,188.nc,978.900024414,5.80200004578,0,0,-1.0,0.9921954679075458
0,0,0.0,0.0332409972299169,0.2075,188.nc,979.5,5.81199979782,0,0,-1.0,0.9928035923762102
0,0,-0.005,0.030470914127423823,0.208099975586,188.nc,980.099975586,5.81199979782,0,0,-1.0,0.9934117168448746
0,0,0.005,0.027700831024930747,0.208700012207,188.nc,980.700012207,5.80200004578,0,0,-1.0,0.9940199031776762
0,0,-0.01,0.024930747922437674,0.209299987793,188.nc,981.299987793,5.81199979782,0,0,-1.0,0.9946280276463405
0,0,0.0,0.0221606648199446,0.209799987793,188.nc,981.799987793,5.80200004578,0,0,-1.0,0.9951348186582732
0,0,0.0,0.019390581717451522,0.210400024414,188.nc,982.400024414,5.80200004578,0,0,-1.0,0.9957430049910748
0,0,-0.005,0.01662049861495845,0.211,188.nc,983.0,5.80200004578,0,0,-1.0,0.9963511294597392
0,0,0.005,0.013850415512465374,0.211599975586,188.nc,983.599975586,5.79199981689,0,0,-1.0,0.9969592539284037
0,0,0.0,0.0110803324099723,0.212200012207,188.nc,984.200012207,5.80200004578,0,0,-1.0,0.9975674402612053
0,0,0.0,0.008310249307479225,0.212799987793,188.nc,984.799987793,5.80200004578,0,0,-1.0,0.9981755647298697
0,0,0.0,0.00554016620498615,0.213400024414,188.nc,985.400024414,5.80200004578,0,0,-1.0,0.9987837510626713
0,0,0.0,0.002770083102493075,0.214,188.nc,986.0,5.80200004578,0,0,-1.0,0.9993918755313356
0,0,0.005,0.0,0.214599975586,188.nc,986.599975586,5.80200004578,0,0,-1.0,1.0
0,0,0.0,0.9992,-0.217,193.nc,202.0,21.798,0.5,1,0.09495548961424333,0.2047435688208213
0,0,0.0,0.9984,-0.216399993896,193.nc,202.6,21.798,0.5,1,0.09643916913946587,0.2053517242215543
0,0,0.0,0.9976,-0.215699996948,193.nc,203.3,21.798,0.5,1,0.09792284866468842,0.20606122854505324
0,0,0.0,0.9968,-0.215100006104,193.nc,203.9,21.798,0.5,1,0.09940652818991098,0.20666936847975192
0,0,0.0,0.996,-0.214399993896,193.nc,204.6,21.798,1,1,0.10089020771513353,0.2073788882692852
0,1,3.49,0.9952,-0.213100006104,193.nc,205.9,21.789,1,0.5,0.10237388724035608,0.20869653252748283
1,0,-0.245,0.9944,-0.211800003052,193.nc,207.2,21.808,1,0.5,0.10385756676557864,0.21001419225171478
0,0,0.0,0.9936,-0.211100006104,193.nc,207.9,21.798,1,0.5,0.10385756676557864,0.21072369657521373
0,0,0.0,0.9928,-0.2105,193.nc,208.5,21.798,1,0.5,0.10089020771513353,0.21133185197594673
0,0,0.0,0.992,-0.209800003052,193.nc,209.2,21.798,1,0.5,0.09940652818991098,0.21204135629944568
0,0,-0.22,0.9912,-0.209199996948,193.nc,209.8,21.798,1,0.5,0.09792284866468842,0.21264951170017868
0,0,0.465,0.9904,-0.2085,193.nc,210.5,21.789,0.5,0.5,0.09792284866468842,0.21335901602367763
0,0,-0.285,0.9896,-0.207800003052,193.nc,211.2,21.808,0.5,0.5,0.09643916913946587,0.21406852034717658
0,0,0.245,0.9888,-0.207199996948,193.nc,211.8,21.798,0.5,0.5,0.09792284866468842,0.21467667574790958
0,0,-0.285,0.988,-0.2065,193.nc,212.5,21.808,0.5,0.5,0.09940652818991098,0.21538618007140853
0,0,0.0,0.9872,-0.205899993896,193.nc,213.1,21.798,0.5,0.5,0.10089020771513353,0.21599433547214153
0,0,0.285,0.9864,-0.205199996948,193.nc,213.8,21.798,0.5,0.5,0.10089020771513353,0.21670383979564048
0,0,-0.245,0.9856,-0.204600006104,193.nc,214.4,21.808,0.5,0.5,0.10089020771513353,0.21731197973033917
0,0,0.285,0.9848,-0.203899993896,193.nc,215.1,21.798,0.5,0.5,0.10089020771513353,0.21802149951987243
0,0,-0.465,0.984,-0.203300003052,193.nc,215.7,21.808,0.5,0.5,0.10089020771513353,0.21862963945457112
0,0,0.545,0.9832,-0.202600006104,193.nc,216.4,21.789,0.5,0.5,0.10089020771513353,0.21933914377807007
0,0,-0.245,0.9824,-0.202,193.nc,217.0,21.808,0.5,0.5,0.10089020771513353,0.21994729917880307
0,0,0.245,0.9816,-0.201300003052,193.nc,217.7,21.798,0.5,0.5,0.10089020771513353,0.22065680350230202
0,0,0.0,0.9808,-0.200600006104,193.nc,218.4,21.808,0.5,0.5,0.09940652818991098,0.221366307825801
0,0,-0.245,0.98,-0.2,193.nc,219.0,21.808,0.5,0.5,0.09792284866468842,0.22197446322653397
0,0,0.285,0.9792,-0.199300003052,193.nc,219.7,21.798,0.5,0.5,0.09643916913946587,0.22268396755003292
0,0,0.0,0.9784,-0.198699996948,193.nc,220.3,21.808,0.5,0.5,0.09495548961424333,0.22329212295076592
0,0,-0.285,0.9776,-0.198,193.nc,221.0,21.808,0.5,0.5,0.09495548961424333,0.22400162727426487
0,0,0.245,0.9768,-0.197399993896,193.nc,221.6,21.798,0.5,0.5,0.09347181008902077,0.22460978267499787
0,0,0.0,0.976,-0.196699996948,193.nc,222.3,21.808,0.5,0,0.09198813056379822,0.22531928699849682
0,0,0.0,0.9752,-0.196100006104,193.nc,222.9,21.808,0.5,0,0.09198813056379822,0.2259274269331955
0,0,0.0,0.9744,-0.195399993896,193.nc,223.6,21.808,0.5,0,0.09347181008902077,0.22663694672272877
0,0,-0.245,0.9736,-0.194800003052,193.nc,224.2,21.808,0.5,0,0.09347181008902077,0.22724508665742746
0,0,0.285,0.9728,-0.194100006104,193.nc,224.9,21.798,0.5,0,0.09198813056379822,0.2279545909809264
0,0,0.0,0.972,-0.1935,193.nc,225.5,21.808,0.5,0,0.09198813056379822,0.2285627463816594
0,0,-0.245,0.9712,-0.192800003052,193.nc,226.2,21.808,0.5,0,0.09347181008902077,0.22927225070515836
0,0,0.0,0.9704,-0.192100006104,193.nc,226.9,21.798,0.5,0,0.09347181008902077,0.22998175502865734
0,0,0.0,0.9696,-0.1915,193.nc,227.5,21.798,0,0,0.09050445103857567,0.2305899104293903
0,0,0.285,0.9688,-0.190800003052,193.nc,228.2,21.798,0,0,0.08753709198813056,0.23129941475288926
0,0,0.0,0.968,-0.190199996948,193.nc,228.8,21.808,0,0,0.08753709198813056,0.23190757015362226
0,0,-0.285,0.9672,-0.1895,193.nc,229.5,21.808,0,0,0.08902077151335312,0.2326170744771212
0,0,0.245,0.9664,-0.188899993896,193.nc,230.1,21.798,0,0,0.08753709198813056,0.2332252298778542
0,0,0.26,0.9656,-0.188199996948,193.nc,230.8,21.808,0,0,0.08605341246290801,0.23393473420135316
0,0,-0.22,0.9648,-0.187600006104,193.nc,231.4,21.817,0,0,0.08605341246290801,0.23454287413605185
0,0,0.0,0.964,-0.186899993896,193.nc,232.1,21.808,0,0,0.08456973293768547,0.2352523939255851
0,0,0.22,0.9632,-0.186300003052,193.nc,232.7,21.808,0,0,0.08160237388724036,0.2358605338602838
0,0,-0.26,0.9624,-0.185600006104,193.nc,233.4,21.817,0,0,0.08011869436201781,0.23657003818378275
0,0,0.22,0.9616,-0.185,193.nc,234.0,21.808,0,0,0.08011869436201781,0.23717819358451575
0,0,0.0,0.9608,-0.184300003052,193.nc,234.7,21.817,0,0,0.07863501483679525,0.2378876979080147
0,0,0.0,0.96,-0.183699996948,193.nc,235.3,21.817,0,0,0.08011869436201781,0.2384958533087477
0,0,-0.22,0.9592,-0.183,193.nc,236.0,21.817,0,0,0.08011869436201781,0.23920535763224665
0,0,0.0,0.9584,-0.182300003052,193.nc,236.7,21.808,0,0,0.08011869436201781,0.2399148619557456
0,0,0.22,0.9576,-0.181699996948,193.nc,237.3,21.808,0,0,0.07863501483679525,0.2405230173564786
0,0,-0.26,0.9568,-0.181,193.nc,238.0,21.817,0,0,0.07863501483679525,0.24123252167997755
0,0,0.22,0.956,-0.180399993896,193.nc,238.6,21.808,0,0,0.07863501483679525,0.24184067708071055
0,0,0.0,0.9552,-0.179699996948,193.nc,239.3,21.817,0,0,0.0771513353115727,0.2425501814042095
0,0,-0.22,0.9544,-0.179100006104,193.nc,239.9,21.817,0,0,0.0771513353115727,0.2431583213389082
0,0,0.0,0.9536,-0.178399993896,193.nc,240.6,21.808,0,0,0.0771513353115727,0.24386784112844145
0,0,0.22,0.9528,-0.177800003052,193.nc,241.2,21.808,0,0,0.07566765578635015,0.24447598106314014
0,0,0.0,0.952,-0.177100006104,193.nc,241.9,21.817,0,0,0.07418397626112759,0.2451854853866391
0,0,0.0,0.9512,-0.1765,193.nc,242.5,21.817,0,0,0.07566765578635015,0.2457936407873721
0,0,-0.26,0.9504,-0.175800003052,193.nc,243.2,21.817,0,0,0.0771513353115727,0.24650314511087104
0,0,0.22,0.9496,-0.175199996948,193.nc,243.8,21.808,0,0,0.07566765578635015,0.24711130051160404
0,0,-0.26,0.9488,-0.1745,193.nc,244.5,21.817,0,0,0.07418397626112759,0.247820804835103
0,0,0.22,0.948,-0.173899993896,193.nc,245.1,21.808,0,0,0.07270029673590504,0.248428960235836
0,0,0.0,0.9472,-0.173199996948,193.nc,245.8,21.817,0,0,0.0712166172106825,0.24913846455933494
0,0,0.0,0.9464,-0.172600006104,193.nc,246.4,21.817,0,0,0.06824925816023739,0.24974660449403363
0,0,0.0,0.9456,-0.171899993896,193.nc,247.1,21.817,0,0,0.06528189910979229,0.2504561242835669
0,0,0.0,0.9448,-0.171300003052,193.nc,247.7,21.817,0,0,0.06231454005934718,0.2510642642182656
0,0,0.0,0.944,-0.170600006104,193.nc,248.4,21.817,0,0,0.05934718100890208,0.25177376854176453
0,0,0.0,0.9432,-0.169899993896,193.nc,249.1,21.817,0,0,0.05637982195845697,0.2524832883312978
0,0,0.0,0.9424,-0.169300003052,193.nc,249.7,21.817,0,0,0.05489614243323442,0.2530914282659965
0,0,0.285,0.9416,-0.168600006104,193.nc,250.4,21.817,0,0,0.05341246290801187,0.25380093258949543
0,0,-0.245,0.9408,-0.168,193.nc,251.0,21.827,0,0,0.05341246290801187,0.25440908799022843
0,0,0.0,0.94,-0.167300003052,193.nc,251.7,21.817,0,0,0.05341246290801187,0.2551185923137274
0,0,0.0,0.9392,-0.166699996948,193.nc,252.3,21.817,0,0,0.05192878338278932,0.25572674771446036
0,0,0.285,0.9384,-0.166,193.nc,253.0,21.817,0,0,0.04896142433234421,0.25643625203795933
0,0,-0.245,0.9376,-0.165399993896,193.nc,253.6,21.827,0,0,0.04896142433234421,0.25704440743869233
0,0,0.285,0.9368,-0.164699996948,193.nc,254.3,21.817,0,0,0.04896142433234421,0.2577539117621913
0,0,0.0,0.936,-0.164100006104,193.nc,254.9,21.827,0,0,0.04599406528189911,0.25836205169688997
0,0,0.0,0.9352,-0.163399993896,193.nc,255.6,21.827,0,0,0.04451038575667656,0.25907157148642324
0,0,0.0,0.9344,-0.162799987793,193.nc,256.2,21.827,0,0,0.04302670623145401,0.25967972688715624
0,0,0.26,0.9336,-0.162100006104,193.nc,256.9,21.827,0,0,0.040059347181008904,0.26038921574462087
0,0,0.0,0.9328,-0.1615,193.nc,257.5,21.836,0,0,0.040059347181008904,0.2609973711453539
0,0,0.0,0.932,-0.160799987793,193.nc,258.2,21.836,0,0,0.04154302670623145,0.26170689093488714
0,0,-0.22,0.9312,-0.160200012207,193.nc,258.8,21.836,0,0,0.04302670623145401,0.2623150154035515
0,0,0.26,0.9304,-0.1595,193.nc,259.5,21.827,0,0,0.04154302670623145,0.2630245351930848
0,0,-0.22,0.9296,-0.158899993896,193.nc,260.1,21.836,0,0,0.040059347181008904,0.2636326905938178
0,0,0.26,0.9288,-0.158200012207,193.nc,260.8,21.827,0,0,0.040059347181008904,0.2643421794512824
0,0,-0.22,0.928,-0.157600006104,193.nc,261.4,21.836,0,0,0.040059347181008904,0.2649503348520154
0,0,0.26,0.9272,-0.156899993896,193.nc,262.1,21.827,0,0,0.03857566765578635,0.2656598546415487
0,0,0.0,0.9264,-0.156299987793,193.nc,262.7,21.836,0,0,0.03857566765578635,0.2662680100422817
0,0,-0.26,0.9256,-0.155600006104,193.nc,263.4,21.836,0,0,0.040059347181008904,0.2669774988997463
0,0,0.0,0.9248,-0.155,193.nc,264.0,21.827,0,0,0.040059347181008904,0.2675856543004793
0,0,0.0,0.924,-0.154299987793,193.nc,264.7,21.827,0,0,0.03857566765578635,0.2682951740900126
0,0,0.22,0.9232,-0.153700012207,193.nc,265.3,21.827,0,0,0.03560830860534125,0.26890329855867695
0,0,-0.26,0.9224,-0.153,193.nc,266.0,21.836,0,0,0.03560830860534125,0.2696128183482102
0,0,0.22,0.9216,-0.152399993896,193.nc,266.6,21.827,0,0,0.03560830860534125,0.2702209737489432
0,0,0.0,0.9208,-0.151700012207,193.nc,267.3,21.836,0,0,0.03412462908011869,0.27093046260640785
0,0,0.245,0.92,-0.151100006104,193.nc,267.9,21.836,0,0,0.032640949554896145,0.27153861800714085
0,0,-0.285,0.9192,-0.150399993896,193.nc,268.6,21.846,0,0,0.032640949554896145,0.2722481377966741
0,0,0.0,0.9184,-0.149799987793,193.nc,269.2,21.836,0,0,0.03115727002967359,0.2728562931974071
0,0,0.285,0.9176,-0.149100006104,193.nc,269.9,21.836,0,0,0.028189910979228485,0.27356578205487175
0,0,-0.245,0.9168,-0.1485,193.nc,270.5,21.846,0,0,0.028189910979228485,0.27417393745560475
0,0,0.285,0.916,-0.147799987793,193.nc,271.2,21.836,0,0,0.028189910979228485,0.274883457245138
0,0,-0.245,0.9152,-0.147200012207,193.nc,271.8,21.846,0,0,0.028189910979228485,0.2754915817138024
0,0,0.0,0.9144,-0.1465,193.nc,272.5,21.836,0,0,0.028189910979228485,0.27620110150333566
0,0,0.0,0.9136,-0.145799987793,193.nc,273.2,21.836,0,0,0.026706231454005934,0.2769106212928689
0,0,0.245,0.9128,-0.145200012207,193.nc,273.8,21.836,0,0,0.025222551928783383,0.2775187457615333
0,0,0.26,0.912,-0.1445,193.nc,274.5,21.846,0,0,0.02373887240356083,0.27822826555106656
0,0,0.0,0.9112,-0.143899993896,193.nc,275.1,21.855,0,0,0.02373887240356083,0.27883642095179956
0,0,0.0,0.9104,-0.143200012207,193.nc,275.8,21.855,0,0,0.02373887240356083,0.2795459098092642
0,0,-0.22,0.9096,-0.142600006104,193.nc,276.4,21.855,0,0,0.025222551928783383,0.2801540652099972
0,0,0.0,0.9088,-0.141899993896,193.nc,277.1,21.846,0,0,0.025222551928783383,0.28086358499953046
0,0,0.22,0.908,-0.141299987793,193.nc,277.7,21.846,0,0,0.02373887240356083,0.28147174040026346
0,0,0.285,0.9072,-0.140600006104,193.nc,278.4,21.855,0,0,0.02225519287833828,0.2821812292577281
0,0,-0.465,0.9064,-0.14,193.nc,279.0,21.865,0,0,0.02373887240356083,0.2827893846584611
0,0,0.26,0.9056,-0.139299987793,193.nc,279.7,21.846,0,0,0.02373887240356083,0.28349890444799436
0,0,0.0,0.9048,-0.138700012207,193.nc,280.3,21.855,0,0,0.02225519287833828,0.28410702891665873
0,0,0.285,0.904,-0.138,193.nc,281.0,21.855,0,0,0.019287833827893175,0.284816548706192
0,0,0.0,0.9032,-0.137399993896,193.nc,281.6,21.865,0,0,0.019287833827893175,0.285424704106925
0,0,0.0,0.9024,-0.136700012207,193.nc,282.3,21.865,0,0,0.020771513353115726,0.28613419296438963
0,0,-0.245,0.9016,-0.136100006104,193.nc,282.9,21.865,0,0,0.02225519287833828,0.28674234836512263
0,0,0.285,0.9008,-0.135399993896,193.nc,283.6,21.855,0,0,0.02225519287833828,0.2874518681546559
0,0,0.0,0.9,-0.134799987793,193.nc,284.2,21.865,0,0,0.019287833827893175,0.2880600235553889
0,0,0.0,0.8992,-0.134100006104,193.nc,284.9,21.865,0,0,0.017804154302670624,0.28876951241285354
0,0,0.0,0.8984,-0.1335,193.nc,285.5,21.865,0,0,0.016320474777448073,0.28937766781358654
0,0,0.0,0.8976,-0.132799987793,193.nc,286.2,21.865,0,0,0.013353115727002967,0.2900871876031198
0,0,0.0,0.8968,-0.132200012207,193.nc,286.8,21.865,0,0,0.011869436201780416,0.2906953120717842
0,0,0.0,0.896,-0.1315,193.nc,287.5,21.865,0,0,0.010385756676557863,0.29140483186131744
0,0,0.0,0.8952,-0.130899993896,193.nc,288.1,21.865,0,0,0.00741839762611276,0.29201298726205044
0,0,0.22,0.8944,-0.130299987793,193.nc,288.7,21.865,0,0,0.005934718100890208,0.29262114266278344
0,0,-0.26,0.8936,-0.129600006104,193.nc,289.4,21.874,0,0,0.004451038575667656,0.2933306315202481
0,0,0.22,0.8928,-0.129,193.nc,290.0,21.865,0,0,0.004451038575667656,0.2939387869209811
0,0,-0.26,0.892,-0.128299987793,193.nc,290.7,21.874,0,0,0.004451038575667656,0.29464830671051434
0,0,0.22,0.8912,-0.127700012207,193.nc,291.3,21.865,0,0,0.002967359050445104,0.2952564311791787
0,0,-0.26,0.8904,-0.127,193.nc,292.0,21.874,0,0,0.002967359050445104,0.295965950968712
0,0,0.22,0.8896,-0.126399993896,193.nc,292.6,21.865,0,0,0.001483679525222552,0.296574106369445
0,0,0.0,0.8888,-0.125700012207,193.nc,293.3,21.874,0,0,0.0,0.2972835952269096
0,0,0.245,0.888,-0.125100006104,193.nc,293.9,21.874,0,0,-0.001483679525222552,0.2978917506276426
0,0,0.0,0.8872,-0.124399993896,193.nc,294.6,21.884,0,0,-0.001483679525222552,0.2986012704171759
0,0,0.0,0.8864,-0.123799987793,193.nc,295.2,21.884,0,0,0.0,0.2992094258179088
0,0,0.0,0.8856,-0.123100006104,193.nc,295.9,21.884,0,0,0.001483679525222552,0.2999189146753735
0,0,-0.245,0.8848,-0.1225,193.nc,296.5,21.884,0,0,0.002967359050445104,0.3005270700761065
0,0,0.0,0.884,-0.121799987793,193.nc,297.2,21.874,0,0,0.002967359050445104,0.3012365898656398
0,0,0.0,0.8832,-0.121200012207,193.nc,297.8,21.874,0,0,0.001483679525222552,0.30184471433430415
0,0,0.0,0.8824,-0.1205,193.nc,298.5,21.874,0,0,0.0,0.3025542341238374
0,0,0.245,0.8816,-0.119899993896,193.nc,299.1,21.874,0,0,-0.001483679525222552,0.3031623895245704
0,0,0.0,0.8808,-0.119200012207,193.nc,299.8,21.884,0,0,-0.001483679525222552,0.30387187838203505
0,0,0.0,0.88,-0.118600006104,193.nc,300.4,21.884,0,0,-0.001483679525222552,0.30448003378276806
0,0,0.0,0.8792,-0.117899993896,193.nc,301.1,21.884,0,0,0.0,0.3051895535723013
0,0,0.245,0.8784,-0.117299987793,193.nc,301.7,21.884,0,0,0.001483679525222552,0.30579770897303427
0,0,-0.285,0.8776,-0.116600006104,193.nc,302.4,21.894,0,0,0.002967359050445104,0.30650719783049896
0,0,0.0,0.8768,-0.116,193.nc,303.0,21.884,0,0,0.004451038575667656,0.30711535323123196
0,0,-0.285,0.876,-0.115299987793,193.nc,303.7,21.884,0,0,0.005934718100890208,0.30782487302076517
0,0,0.49,0.8752,-0.114700012207,193.nc,304.3,21.874,0,0,0.005934718100890208,0.3084329974894296
0,0,0.0,0.8744,-0.114,193.nc,305.0,21.894,0,0,0.004451038575667656,0.30914251727896286
0,0,-0.245,0.8736,-0.113399993896,193.nc,305.6,21.894,0,0,0.005934718100890208,0.3097506726796958
0,0,0.0,0.8728,-0.112700012207,193.nc,306.3,21.884,0,0,0.005934718100890208,0.3104601615371605
0,0,0.0,0.872,-0.112100006104,193.nc,306.9,21.884,0,0,0.004451038575667656,0.3110683169378935
0,0,0.285,0.8712,-0.111399993896,193.nc,307.6,21.884,0,0,0.002967359050445104,0.31177783672742676
0,0,0.0,0.8704,-0.110799987793,193.nc,308.2,21.894,0,0,0.001483679525222552,0.3123859921281597
0,0,-0.285,0.8696,-0.110100006104,193.nc,308.9,21.894,0,0,0.002967359050445104,0.3130954809856244
